0.0000000000 0.0000000000
0.0526315789 0.0000000000
0.1052631579 0.0000000000
0.1578947368 0.0000000000
0.2105263158 0.0000000000
0.2631578947 0.0000000000
0.3157894737 0.0000000000
0.3684210526 0.0000000000
0.4210526316 0.0000000000
0.4736842105 0.0000000000
0.5263157895 0.0000000000
0.5789473684 0.0000000000
0.6315789474 0.0000000000
0.6842105263 0.0000000000
0.7368421053 0.0000000000
0.7894736842 0.0000000000
0.8421052632 0.0000000000
0.8947368421 0.0000000000
0.9473684211 0.0000000000
1.0000000000 0.0000000000
0.0000000000 0.0526315789
0.0526315789 0.0526315789
0.1052631579 0.0526315789
0.1578947368 0.0526315789
0.2105263158 0.0526315789
0.2631578947 0.0526315789
0.3157894737 0.0526315789
0.3684210526 0.0526315789
0.4210526316 0.0526315789
0.4736842105 0.0526315789
0.5263157895 0.0526315789
0.5789473684 0.0526315789
0.6315789474 0.0526315789
0.6842105263 0.0526315789
0.7368421053 0.0526315789
0.7894736842 0.0526315789
0.8421052632 0.0526315789
0.8947368421 0.0526315789
0.9473684211 0.0526315789
1.0000000000 0.0526315789
0.0000000000 0.1052631579
0.0526315789 0.1052631579
0.1052631579 0.1052631579
0.1578947368 0.1052631579
0.2105263158 0.1052631579
0.2631578947 0.1052631579
0.3157894737 0.1052631579
0.3684210526 0.1052631579
0.4210526316 0.1052631579
0.4736842105 0.1052631579
0.5263157895 0.1052631579
0.5789473684 0.1052631579
0.6315789474 0.1052631579
0.6842105263 0.1052631579
0.7368421053 0.1052631579
0.7894736842 0.1052631579
0.8421052632 0.1052631579
0.8947368421 0.1052631579
0.9473684211 0.1052631579
1.0000000000 0.1052631579
0.0000000000 0.1578947368
0.0526315789 0.1578947368
0.1052631579 0.1578947368
0.1578947368 0.1578947368
0.2105263158 0.1578947368
0.2631578947 0.1578947368
0.3157894737 0.1578947368
0.3684210526 0.1578947368
0.4210526316 0.1578947368
0.4736842105 0.1578947368
0.5263157895 0.1578947368
0.5789473684 0.1578947368
0.6315789474 0.1578947368
0.6842105263 0.1578947368
0.7368421053 0.1578947368
0.7894736842 0.1578947368
0.8421052632 0.1578947368
0.8947368421 0.1578947368
0.9473684211 0.1578947368
1.0000000000 0.1578947368
0.0000000000 0.2105263158
0.0526315789 0.2105263158
0.1052631579 0.2105263158
0.1578947368 0.2105263158
0.2105263158 0.2105263158
0.2631578947 0.2105263158
0.3157894737 0.2105263158
0.3684210526 0.2105263158
0.4210526316 0.2105263158
0.4736842105 0.2105263158
0.5263157895 0.2105263158
0.5789473684 0.2105263158
0.6315789474 0.2105263158
0.6842105263 0.2105263158
0.7368421053 0.2105263158
0.7894736842 0.2105263158
0.8421052632 0.2105263158
0.8947368421 0.2105263158
0.9473684211 0.2105263158
1.0000000000 0.2105263158
0.0000000000 0.2631578947
0.0526315789 0.2631578947
0.1052631579 0.2631578947
0.1578947368 0.2631578947
0.2105263158 0.2631578947
0.2631578947 0.2631578947
0.3157894737 0.2631578947
0.3684210526 0.2631578947
0.4210526316 0.2631578947
0.4736842105 0.2631578947
0.5263157895 0.2631578947
0.5789473684 0.2631578947
0.6315789474 0.2631578947
0.6842105263 0.2631578947
0.7368421053 0.2631578947
0.7894736842 0.2631578947
0.8421052632 0.2631578947
0.8947368421 0.2631578947
0.9473684211 0.2631578947
1.0000000000 0.2631578947
0.0000000000 0.3157894737
0.0526315789 0.3157894737
0.1052631579 0.3157894737
0.1578947368 0.3157894737
0.2105263158 0.3157894737
0.2631578947 0.3157894737
0.3157894737 0.3157894737
0.3684210526 0.3157894737
0.4210526316 0.3157894737
0.4736842105 0.3157894737
0.5263157895 0.3157894737
0.5789473684 0.3157894737
0.6315789474 0.3157894737
0.6842105263 0.3157894737
0.7368421053 0.3157894737
0.7894736842 0.3157894737
0.8421052632 0.3157894737
0.8947368421 0.3157894737
0.9473684211 0.3157894737
1.0000000000 0.3157894737
0.0000000000 0.3684210526
0.0526315789 0.3684210526
0.1052631579 0.3684210526
0.1578947368 0.3684210526
0.2105263158 0.3684210526
0.2631578947 0.3684210526
0.3157894737 0.3684210526
0.3684210526 0.3684210526
0.4210526316 0.3684210526
0.4736842105 0.3684210526
0.5263157895 0.3684210526
0.5789473684 0.3684210526
0.6315789474 0.3684210526
0.6842105263 0.3684210526
0.7368421053 0.3684210526
0.7894736842 0.3684210526
0.8421052632 0.3684210526
0.8947368421 0.3684210526
0.9473684211 0.3684210526
1.0000000000 0.3684210526
0.0000000000 0.4210526316
0.0526315789 0.4210526316
0.1052631579 0.4210526316
0.1578947368 0.4210526316
0.2105263158 0.4210526316
0.2631578947 0.4210526316
0.3157894737 0.4210526316
0.3684210526 0.4210526316
0.4210526316 0.4210526316
0.4736842105 0.4210526316
0.5263157895 0.4210526316
0.5789473684 0.4210526316
0.6315789474 0.4210526316
0.6842105263 0.4210526316
0.7368421053 0.4210526316
0.7894736842 0.4210526316
0.8421052632 0.4210526316
0.8947368421 0.4210526316
0.9473684211 0.4210526316
1.0000000000 0.4210526316
0.0000000000 0.4736842105
0.0526315789 0.4736842105
0.1052631579 0.4736842105
0.1578947368 0.4736842105
0.2105263158 0.4736842105
0.2631578947 0.4736842105
0.3157894737 0.4736842105
0.3684210526 0.4736842105
0.4210526316 0.4736842105
0.4736842105 0.4736842105
0.5263157895 0.4736842105
0.5789473684 0.4736842105
0.6315789474 0.4736842105
0.6842105263 0.4736842105
0.7368421053 0.4736842105
0.7894736842 0.4736842105
0.8421052632 0.4736842105
0.8947368421 0.4736842105
0.9473684211 0.4736842105
1.0000000000 0.4736842105
0.0000000000 0.5263157895
0.0526315789 0.5263157895
0.1052631579 0.5263157895
0.1578947368 0.5263157895
0.2105263158 0.5263157895
0.2631578947 0.5263157895
0.3157894737 0.5263157895
0.3684210526 0.5263157895
0.4210526316 0.5263157895
0.4736842105 0.5263157895
0.0000000000 0.5789473684
0.0526315789 0.5789473684
0.1052631579 0.5789473684
0.1578947368 0.5789473684
0.2105263158 0.5789473684
0.2631578947 0.5789473684
0.3157894737 0.5789473684
0.3684210526 0.5789473684
0.4210526316 0.5789473684
0.4736842105 0.5789473684
0.0000000000 0.6315789474
0.0526315789 0.6315789474
0.1052631579 0.6315789474
0.1578947368 0.6315789474
0.2105263158 0.6315789474
0.2631578947 0.6315789474
0.3157894737 0.6315789474
0.3684210526 0.6315789474
0.4210526316 0.6315789474
0.4736842105 0.6315789474
0.0000000000 0.6842105263
0.0526315789 0.6842105263
0.1052631579 0.6842105263
0.1578947368 0.6842105263
0.2105263158 0.6842105263
0.2631578947 0.6842105263
0.3157894737 0.6842105263
0.3684210526 0.6842105263
0.4210526316 0.6842105263
0.4736842105 0.6842105263
0.0000000000 0.7368421053
0.0526315789 0.7368421053
0.1052631579 0.7368421053
0.1578947368 0.7368421053
0.2105263158 0.7368421053
0.2631578947 0.7368421053
0.3157894737 0.7368421053
0.3684210526 0.7368421053
0.4210526316 0.7368421053
0.4736842105 0.7368421053
0.0000000000 0.7894736842
0.0526315789 0.7894736842
0.1052631579 0.7894736842
0.1578947368 0.7894736842
0.2105263158 0.7894736842
0.2631578947 0.7894736842
0.3157894737 0.7894736842
0.3684210526 0.7894736842
0.4210526316 0.7894736842
0.4736842105 0.7894736842
0.0000000000 0.8421052632
0.0526315789 0.8421052632
0.1052631579 0.8421052632
0.1578947368 0.8421052632
0.2105263158 0.8421052632
0.2631578947 0.8421052632
0.3157894737 0.8421052632
0.3684210526 0.8421052632
0.4210526316 0.8421052632
0.4736842105 0.8421052632
0.0000000000 0.8947368421
0.0526315789 0.8947368421
0.1052631579 0.8947368421
0.1578947368 0.8947368421
0.2105263158 0.8947368421
0.2631578947 0.8947368421
0.3157894737 0.8947368421
0.3684210526 0.8947368421
0.4210526316 0.8947368421
0.4736842105 0.8947368421
0.0000000000 0.9473684211
0.0526315789 0.9473684211
0.1052631579 0.9473684211
0.1578947368 0.9473684211
0.2105263158 0.9473684211
0.2631578947 0.9473684211
0.3157894737 0.9473684211
0.3684210526 0.9473684211
0.4210526316 0.9473684211
0.4736842105 0.9473684211
0.0000000000 1.0000000000
0.0526315789 1.0000000000
0.1052631579 1.0000000000
0.1578947368 1.0000000000
0.2105263158 1.0000000000
0.2631578947 1.0000000000
0.3157894737 1.0000000000
0.3684210526 1.0000000000
0.4210526316 1.0000000000
0.4736842105 1.0000000000
