0.0000000000
99.0690589605
154.6530971283
188.8361650467
209.7176381359
221.1044837952
225.1810232291
223.3921380894
216.7997892412
206.2517700419
192.4662089992
176.0695686417
157.6083193990
137.5500784543
116.2846359973
94.1291577942
71.3376507117
48.1130803413
24.6204798153
1.0000000000
60.0000000000
120.8115693568
165.3535822531
195.4869624613
214.4649518507
224.7596369080
228.1137355158
225.7938699437
218.7776244168
207.8705409637
193.7717486566
177.1018730843
158.4068152500
138.1536792104
116.7296538704
94.4471722339
71.5541823556
48.2470954191
24.6844194600
1.0000000000
120.0000000000
158.8236362135
190.4627000658
213.2931506948
227.8955698977
235.3553764704
236.7204119824
232.8919817526
224.6462975186
212.6810207393
197.6483715793
180.1593597887
160.7633893065
139.9281692669
118.0331280399
95.3756949156
72.1848110577
48.6366995195
24.8701026055
1.0000000000
180.0000000000
204.0202754316
224.3804311018
239.3273703546
248.4688005748
252.0458870933
250.5205541909
244.4073475659
234.2345631656
220.5588728957
203.9813571326
185.1238051849
164.5592129202
142.7624805109
120.0989941066
96.8376683307
73.1726674403
49.2447889956
25.1592914425
1.0000000000
240.0000000000
252.8770344110
263.7113785552
271.1670990468
274.6063749536
273.8388171373
268.9085701222
259.9822911542
247.3257346824
231.3385505452
212.5943788705
191.7952908979
169.5871766785
146.4635457499
122.7626995449
98.7033168603
74.4234013772
50.0104975801
25.5222741691
1.0000000000
300.0000000000
303.7764836573
306.4209496612
307.0232723237
304.9507830557
299.7944363799
291.2926180062
279.2875122466
263.7475338644
244.8752157322
223.2623169065
199.8758028577
175.5306571461
150.7418262654
125.7849414627
100.7894981885
75.8071236282
50.8515257785
25.9193076536
1.0000000000
360.0000000000
355.8079505569
351.1726641084
345.5542575313
338.3790485655
329.0955273205
317.1799532760
302.1276059615
283.5016727963
261.1524616129
235.7038701653
208.9149464804
181.9178227828
155.1881607028
128.8457418519
102.8626108028
77.1640691684
51.6691742520
26.3034306670
1.0000000000
420.0000000000
408.2826544619
396.9074986844
385.6420451276
373.9156263546
361.0286710604
346.2040618161
328.5412855271
306.9790897465
280.5290877577
249.4857556615
218.1622901159
188.0375268017
159.2472519113
131.5472544394
104.6511340024
78.3173679908
52.3576713941
26.6252407624
1.0000000000
480.0000000000
460.4151686064
442.5326310396
426.1907979400
410.6127406648
394.8994687505
378.0663374007
358.8543845842
335.3443129047
304.4990440101
263.5477746070
226.2109315200
192.8227423968
162.2160657011
133.4448899920
105.8773027767
79.0965973981
52.8189025712
26.8398609884
1.0000000000
540.0000000000
510.8453889241
486.6170589274
465.9757749282
447.4450696141
429.8901258762
412.3074344521
393.4656025044
371.0447332780
338.5750007711
273.9953672363
230.3109189602
194.8264455646
163.3493785044
134.1389370507
106.3165897145
79.3728162537
52.9814805041
26.9153006202
1.0000000000
600.0000000000
556.3493281626
527.1144408178
503.6501732313
483.3016369871
464.9085306880
447.8076720273
431.6558577031
416.7940169318
406.3670828142
608.7187414542
587.4374829084
561.8412029500
538.2088401921
517.2027744151
498.6346878615
482.3588652657
468.5561393491
458.1083939320
453.3052966220
660.0000000000
622.8406590669
594.6040478817
570.1412101721
548.6659326196
530.0685810771
514.4369618251
502.1014404955
493.7781228250
490.6373158098
669.6605527388
649.3211054775
623.5931193377
599.0860199949
577.2511648140
558.5367420024
543.2189604620
531.6345379828
524.2653410626
521.6877209674
720.0000000000
681.1900907667
651.3613039966
625.3585856561
602.7159646390
583.6082616564
568.2676000378
556.9524099111
549.9609824752
547.5828859346
727.0389767963
704.0779535926
675.3034202260
648.2710539937
624.6458464295
604.9127399463
589.2907681219
577.9465191485
571.0432929925
568.7218578206
780.0000000000
732.7793265815
697.5033693212
667.7763636633
642.6836271389
622.1060835773
606.0362133552
594.4996055684
587.5438125256
585.2179593630
779.7679917061
749.5359834122
714.1543668139
682.6474041993
656.2062148856
634.7917538689
618.2483961530
606.4718772444
599.4143921784
597.0623545803
840.0000000000
771.4422485473
726.9307103228
692.4526714346
664.7020743352
642.6063208597
625.6937401437
613.7251150776
606.5795243634
604.2026746015
804.6511502271
769.3023004543
729.6735544953
695.5304968813
667.5430901607
645.2377150911
628.1951284843
616.1553185589
608.9759155961
606.5892950988
