0 1 20
1 21 20
1 2 21
2 22 21
2 3 22
3 23 22
3 4 23
4 24 23
4 5 24
5 25 24
5 6 25
6 26 25
6 7 26
7 27 26
7 8 27
8 28 27
8 9 28
9 29 28
9 10 29
10 30 29
10 11 30
11 31 30
11 12 31
12 32 31
12 13 32
13 33 32
13 14 33
14 34 33
14 15 34
15 35 34
15 16 35
16 36 35
16 17 36
17 37 36
17 18 37
18 38 37
18 19 38
19 39 38
20 21 40
21 41 40
21 22 41
22 42 41
22 23 42
23 43 42
23 24 43
24 44 43
24 25 44
25 45 44
25 26 45
26 46 45
26 27 46
27 47 46
27 28 47
28 48 47
28 29 48
29 49 48
29 30 49
30 50 49
30 31 50
31 51 50
31 32 51
32 52 51
32 33 52
33 53 52
33 34 53
34 54 53
34 35 54
35 55 54
35 36 55
36 56 55
36 37 56
37 57 56
37 38 57
38 58 57
38 39 58
39 59 58
40 41 60
41 61 60
41 42 61
42 62 61
42 43 62
43 63 62
43 44 63
44 64 63
44 45 64
45 65 64
45 46 65
46 66 65
46 47 66
47 67 66
47 48 67
48 68 67
48 49 68
49 69 68
49 50 69
50 70 69
50 51 70
51 71 70
51 52 71
52 72 71
52 53 72
53 73 72
53 54 73
54 74 73
54 55 74
55 75 74
55 56 75
56 76 75
56 57 76
57 77 76
57 58 77
58 78 77
58 59 78
59 79 78
60 61 80
61 81 80
61 62 81
62 82 81
62 63 82
63 83 82
63 64 83
64 84 83
64 65 84
65 85 84
65 66 85
66 86 85
66 67 86
67 87 86
67 68 87
68 88 87
68 69 88
69 89 88
69 70 89
70 90 89
70 71 90
71 91 90
71 72 91
72 92 91
72 73 92
73 93 92
73 74 93
74 94 93
74 75 94
75 95 94
75 76 95
76 96 95
76 77 96
77 97 96
77 78 97
78 98 97
78 79 98
79 99 98
80 81 100
81 101 100
81 82 101
82 102 101
82 83 102
83 103 102
83 84 103
84 104 103
84 85 104
85 105 104
85 86 105
86 106 105
86 87 106
87 107 106
87 88 107
88 108 107
88 89 108
89 109 108
89 90 109
90 110 109
90 91 110
91 111 110
91 92 111
92 112 111
92 93 112
93 113 112
93 94 113
94 114 113
94 95 114
95 115 114
95 96 115
96 116 115
96 97 116
97 117 116
97 98 117
98 118 117
98 99 118
99 119 118
100 101 120
101 121 120
101 102 121
102 122 121
102 103 122
103 123 122
103 104 123
104 124 123
104 105 124
105 125 124
105 106 125
106 126 125
106 107 126
107 127 126
107 108 127
108 128 127
108 109 128
109 129 128
109 110 129
110 130 129
110 111 130
111 131 130
111 112 131
112 132 131
112 113 132
113 133 132
113 114 133
114 134 133
114 115 134
115 135 134
115 116 135
116 136 135
116 117 136
117 137 136
117 118 137
118 138 137
118 119 138
119 139 138
120 121 140
121 141 140
121 122 141
122 142 141
122 123 142
123 143 142
123 124 143
124 144 143
124 125 144
125 145 144
125 126 145
126 146 145
126 127 146
127 147 146
127 128 147
128 148 147
128 129 148
129 149 148
129 130 149
130 150 149
130 131 150
131 151 150
131 132 151
132 152 151
132 133 152
133 153 152
133 134 153
134 154 153
134 135 154
135 155 154
135 136 155
136 156 155
136 137 156
137 157 156
137 138 157
138 158 157
138 139 158
139 159 158
140 141 160
141 161 160
141 142 161
142 162 161
142 143 162
143 163 162
143 144 163
144 164 163
144 145 164
145 165 164
145 146 165
146 166 165
146 147 166
147 167 166
147 148 167
148 168 167
148 149 168
149 169 168
149 150 169
150 170 169
150 151 170
151 171 170
151 152 171
152 172 171
152 153 172
153 173 172
153 154 173
154 174 173
154 155 174
155 175 174
155 156 175
156 176 175
156 157 176
157 177 176
157 158 177
158 178 177
158 159 178
159 179 178
160 161 180
161 181 180
161 162 181
162 182 181
162 163 182
163 183 182
163 164 183
164 184 183
164 165 184
165 185 184
165 166 185
166 186 185
166 167 186
167 187 186
167 168 187
168 188 187
168 169 188
169 189 188
169 170 189
170 190 189
170 171 190
171 191 190
171 172 191
172 192 191
172 173 192
173 193 192
173 174 193
174 194 193
174 175 194
175 195 194
175 176 195
176 196 195
176 177 196
177 197 196
177 178 197
178 198 197
178 179 198
179 199 198
180 181 200
181 201 200
181 182 201
182 202 201
182 183 202
183 203 202
183 184 203
184 204 203
184 185 204
185 205 204
185 186 205
186 206 205
186 187 206
187 207 206
187 188 207
188 208 207
188 189 208
189 209 208
200 201 210
201 211 210
201 202 211
202 212 211
202 203 212
203 213 212
203 204 213
204 214 213
204 205 214
205 215 214
205 206 215
206 216 215
206 207 216
207 217 216
207 208 217
208 218 217
208 209 218
209 219 218
210 211 220
211 221 220
211 212 221
212 222 221
212 213 222
213 223 222
213 214 223
214 224 223
214 215 224
215 225 224
215 216 225
216 226 225
216 217 226
217 227 226
217 218 227
218 228 227
218 219 228
219 229 228
220 221 230
221 231 230
221 222 231
222 232 231
222 223 232
223 233 232
223 224 233
224 234 233
224 225 234
225 235 234
225 226 235
226 236 235
226 227 236
227 237 236
227 228 237
228 238 237
228 229 238
229 239 238
230 231 240
231 241 240
231 232 241
232 242 241
232 233 242
233 243 242
233 234 243
234 244 243
234 235 244
235 245 244
235 236 245
236 246 245
236 237 246
237 247 246
237 238 247
238 248 247
238 239 248
239 249 248
240 241 250
241 251 250
241 242 251
242 252 251
242 243 252
243 253 252
243 244 253
244 254 253
244 245 254
245 255 254
245 246 255
246 256 255
246 247 256
247 257 256
247 248 257
248 258 257
248 249 258
249 259 258
250 251 260
251 261 260
251 252 261
252 262 261
252 253 262
253 263 262
253 254 263
254 264 263
254 255 264
255 265 264
255 256 265
256 266 265
256 257 266
257 267 266
257 258 267
258 268 267
258 259 268
259 269 268
260 261 270
261 271 270
261 262 271
262 272 271
262 263 272
263 273 272
263 264 273
264 274 273
264 265 274
265 275 274
265 266 275
266 276 275
266 267 276
267 277 276
267 268 277
268 278 277
268 269 278
269 279 278
270 271 280
271 281 280
271 272 281
272 282 281
272 273 282
273 283 282
273 274 283
274 284 283
274 275 284
275 285 284
275 276 285
276 286 285
276 277 286
277 287 286
277 278 287
278 288 287
278 279 288
279 289 288
280 281 290
281 291 290
281 282 291
282 292 291
282 283 292
283 293 292
283 284 293
284 294 293
284 285 294
285 295 294
285 286 295
286 296 295
286 287 296
287 297 296
287 288 297
288 298 297
288 289 298
289 299 298
